lineWidth = 2;
fontsize = 12;
minifontsize = 10;
barw = 15;
ssize = 20;

blue1 = min(([55 119 186].*0.95)./255,1);
blue2 = min(([130 157 186].*1.2)./255,1);
red1 = min(([235 28 36].*0.95)./255,1);
red2 = min(([235 141 144].*1.2)./255,1);
black1 = [0 0 0];
black2 = [128 128 128]./255;

green1 = min(([5 102 5].*0.9)./255,1);
green2 = min(([108 152 108].*1.3)./255,1);
orange1 = [250 159 0]./255;
orange2 = [255 234 209]./255;